<?xml version="1.0"?>
<opencv_storage>
<FocalLengthX>7.215376999999999725e+02</FocalLengthX>
<FocalLengthY>7.215376999999999725e+02</FocalLengthY>
<CenterX>6.095593000000000075e+02</CenterX>
<CenterY>1.728540000000000134e+02</CenterY>
<BaseLine>0.54</BaseLine>
<Height>1.65</Height>
<Tilt>0.</Tilt>
</opencv_storage>
